0 0.528711 0.726479 0.068359 0.103097
0 0.249109 0.397722 0.026203 0.025028
0 0.373695 0.442694 0.033703 0.031222
0 0.407070 0.436861 0.031641 0.030972
0 0.264738 0.483194 0.039070 0.052194
0 0.346016 0.491639 0.044469 0.056806
0 0.480039 0.437000 0.034141 0.032944
0 0.616602 0.471778 0.031953 0.038000
0 0.482926 0.468271 0.041492 0.036819
0 0.583789 0.523118 0.051797 0.045514
0 0.453090 0.520458 0.044898 0.056861
0 0.812324 0.926847 0.148383 0.146306
0 0.432363 0.936090 0.135898 0.127819
0 0.257324 0.551875 0.040352 0.057167
0 0.211480 0.399576 0.026758 0.023292
0 0.306184 0.413299 0.020102 0.019597
0 0.575605 0.480167 0.052039 0.051056
0 0.386320 0.626479 0.060344 0.094069
0 0.456922 0.587201 0.055906 0.070347
0 0.276934 0.604681 0.046836 0.076667
0 0.785410 0.561993 0.099039 0.095264
0 0.850078 0.562396 0.061766 0.079153
0 0.718422 0.604090 0.064609 0.080347
