0 0.201023 0.398889 0.023219 0.021222
0 0.218602 0.398604 0.011937 0.022931
0 0.175305 0.391861 0.021125 0.018056
0 0.839027 0.618604 0.091758 0.080875
0 0.595125 0.528715 0.048922 0.060597
0 0.532348 0.674667 0.070008 0.105194
0 0.722699 0.548438 0.064523 0.070153
0 0.289961 0.595625 0.081797 0.170139
0 0.499820 0.556868 0.065250 0.073042
0 0.342871 0.543014 0.040086 0.067778
0 0.353422 0.465382 0.048797 0.066292
0 0.286191 0.404583 0.025430 0.025278
0 0.325723 0.419063 0.029570 0.029597
0 0.385680 0.426333 0.016016 0.027833
0 0.363973 0.433924 0.037992 0.036458
0 0.430141 0.421069 0.033031 0.028417
0 0.515625 0.439674 0.049000 0.049514
0 0.243492 0.430437 0.037375 0.034431
0 0.254762 0.456812 0.032648 0.035542
0 0.834926 0.548819 0.083758 0.073694
0 0.972055 0.709139 0.055891 0.093111
0 0.440617 0.581764 0.052109 0.067083
0 0.447813 0.457743 0.046500 0.048264
0 0.626020 0.499549 0.052102 0.053181
0 0.491508 0.462472 0.038531 0.040222
0 0.250109 0.520208 0.047969 0.084306
