0 0.715336 0.513646 0.055375 0.059792
0 0.774734 0.870417 0.118641 0.148306
0 0.877773 0.645674 0.082687 0.071264
0 0.246949 0.907264 0.098727 0.153556
0 0.264508 0.483201 0.038453 0.046375
0 0.362578 0.434847 0.034375 0.027194
0 0.315195 0.423063 0.024141 0.025569
0 0.575605 0.485250 0.049570 0.048556
0 0.229398 0.453479 0.038453 0.040431
0 0.308738 0.404417 0.029570 0.020167
0 0.371828 0.407653 0.031234 0.026278
0 0.596273 0.465625 0.032891 0.040139
0 0.444453 0.463049 0.040156 0.039569
0 0.489281 0.436389 0.034344 0.044722
0 0.678047 0.958875 0.133172 0.082250
0 0.494895 0.550076 0.053836 0.063597
0 0.422836 0.543535 0.057516 0.065986
0 0.237594 0.520354 0.036781 0.055292
0 0.409402 0.675194 0.059086 0.113833
0 0.284801 0.690958 0.060633 0.132806
0 0.340656 0.542938 0.051359 0.061986
0 0.850840 0.694007 0.089523 0.083181
0 0.521508 0.653722 0.071312 0.110250
0 0.267227 0.587076 0.047422 0.076542
0 0.700340 0.598917 0.066695 0.071306
0 0.456187 0.604014 0.051344 0.077194
