0 0.498109 0.628722 0.066484 0.102194
0 0.597602 0.826569 0.094047 0.139778
0 0.390766 0.585007 0.090297 0.082125
0 0.369398 0.587653 0.046719 0.076750
0 0.443539 0.502944 0.049437 0.066778
0 0.401004 0.677424 0.060992 0.114903
0 0.530395 0.581424 0.053508 0.068403
0 0.872484 0.931986 0.146125 0.136028
0 0.657918 0.699174 0.088586 0.113542
0 0.544996 0.502125 0.044727 0.050056
0 0.308668 0.521285 0.039961 0.057486
0 0.466750 0.444812 0.039156 0.038236
0 0.418789 0.434167 0.039297 0.037222
0 0.345664 0.420347 0.032266 0.028194
0 0.650879 0.573160 0.051320 0.038792
0 0.628617 0.510549 0.052250 0.047597
0 0.703902 0.503556 0.056852 0.056694
0 0.920125 0.651618 0.100234 0.102764
0 0.766156 0.642278 0.077375 0.085111
0 0.296066 0.416729 0.030836 0.024292
0 0.467082 0.420090 0.033898 0.023431
0 0.542855 0.458153 0.048055 0.039361
0 0.248637 0.444993 0.035305 0.029708
0 0.257227 0.480354 0.038844 0.041847
0 0.331941 0.482667 0.038758 0.046500
0 0.379684 0.474826 0.040336 0.040903
0 0.374957 0.519083 0.044117 0.048750
0 0.661922 0.964597 0.115656 0.070806
0 0.226695 0.917583 0.135328 0.160306
