0 0.544289 0.733528 0.073797 0.110306
0 0.910859 0.591736 0.088438 0.057639
0 0.736469 0.797486 0.119953 0.179972
0 0.391852 0.634132 0.088406 0.196847
0 0.431824 0.569236 0.031898 0.069000
0 0.431863 0.509632 0.049070 0.064014
0 0.371223 0.474972 0.037133 0.045778
0 0.261367 0.483458 0.037500 0.039806
0 0.260992 0.452639 0.034891 0.033889
0 0.289539 0.439181 0.038625 0.040139
0 0.917594 0.544917 0.072219 0.052833
0 0.399297 0.416750 0.034563 0.033194
0 0.260176 0.407951 0.031352 0.029236
0 0.211188 0.402007 0.022578 0.022792
0 0.333816 0.486021 0.042555 0.046042
0 0.322051 0.417250 0.041477 0.034167
0 0.251699 0.551090 0.041086 0.049458
0 0.292254 0.506646 0.039008 0.062097
0 0.328020 0.541375 0.038570 0.062972
0 0.508844 0.566375 0.054641 0.063167
0 0.897281 0.460250 0.070922 0.064389
0 0.301063 0.596229 0.042797 0.074347
0 0.748547 0.577972 0.070609 0.064361
0 0.737738 0.492535 0.051555 0.051847
0 0.293238 0.778486 0.072430 0.150000
