0 0.732227 0.620146 0.073984 0.076958
0 0.866848 0.720812 0.096039 0.097514
0 0.620637 0.550562 0.052273 0.055542
0 0.267316 0.539250 0.040164 0.069194
0 0.502387 0.554028 0.049195 0.056472
0 0.240484 0.466326 0.041906 0.049708
0 0.659371 0.514181 0.059820 0.047861
0 0.396125 0.691528 0.059344 0.093444
0 0.745027 0.559569 0.055695 0.054778
0 0.779273 0.545604 0.044672 0.039958
0 0.289469 0.501903 0.037484 0.041806
0 0.560852 0.510090 0.048672 0.048569
0 0.206250 0.484444 0.033125 0.053889
0 0.451895 0.953882 0.115523 0.092236
0 0.367293 0.509924 0.046586 0.062931
0 0.427816 0.502687 0.044758 0.054264
0 0.505707 0.446618 0.120758 0.138931
0 0.437598 0.439944 0.034867 0.032444
0 0.347855 0.429528 0.036227 0.032917
