0 0.314879 0.475528 0.041617 0.038028
0 0.200242 0.393285 0.026047 0.019569
0 0.559059 0.775174 0.082117 0.124764
0 0.835090 0.689382 0.090305 0.084542
0 0.555629 0.460847 0.035242 0.038972
0 0.282715 0.652715 0.056102 0.099875
0 0.502848 0.649896 0.069930 0.107847
0 0.245195 0.468882 0.037844 0.045958
0 0.765852 0.602361 0.068687 0.075500
0 0.348605 0.438153 0.031898 0.019639
0 0.323359 0.525368 0.047531 0.071847
0 0.485969 0.459201 0.032281 0.041181
0 0.390324 0.431674 0.032711 0.023625
0 0.460000 0.467375 0.037500 0.043306
0 0.433090 0.947986 0.126445 0.104028
0 0.223621 0.932000 0.109117 0.136000
0 0.971652 0.717500 0.056695 0.094694
0 0.262676 0.544014 0.044320 0.061278
0 0.614348 0.504875 0.050086 0.054500
0 0.633344 0.479549 0.044469 0.042208
0 0.620391 0.449236 0.046203 0.029167
0 0.383148 0.487139 0.041234 0.044111
0 0.825617 0.553174 0.072453 0.071042
0 0.322629 0.420819 0.029023 0.026944
0 0.304082 0.404764 0.028383 0.024083
0 0.272398 0.410639 0.027250 0.026083
