0 0.965617 0.707667 0.064375 0.065278
0 0.608117 0.889674 0.110719 0.182292
0 0.635223 0.557438 0.058961 0.051931
0 0.772852 0.652861 0.078312 0.090583
0 0.814422 0.519597 0.059906 0.057917
0 0.768801 0.568944 0.067367 0.067306
0 0.686523 0.742688 0.090188 0.116347
0 0.497332 0.481389 0.042758 0.038750
0 0.462691 0.949444 0.114289 0.095083
0 0.762918 0.409319 0.037430 0.050444
0 0.275813 0.707993 0.062688 0.101264
0 0.271941 0.832722 0.080508 0.161889
0 0.192578 0.397743 0.017578 0.017486
0 0.238566 0.407861 0.024695 0.022278
0 0.265789 0.409368 0.026859 0.023986
0 0.320535 0.403257 0.019758 0.015208
0 0.432105 0.438153 0.031648 0.041083
0 0.397801 0.445375 0.034039 0.027389
0 0.308242 0.468125 0.039766 0.046806
0 0.273273 0.490243 0.035453 0.045736
0 0.239031 0.533674 0.037875 0.047097
0 0.596031 0.465451 0.034672 0.045292
0 0.480184 0.614451 0.068211 0.092736
0 0.378199 0.617424 0.061523 0.097486
0 0.325758 0.422743 0.036047 0.024097
0 0.554336 0.470000 0.054297 0.065556
