0 0.663152 0.476292 0.043758 0.030861
0 0.282738 0.782111 0.078508 0.169556
0 0.936516 0.692208 0.085641 0.076556
0 0.979398 0.580125 0.041125 0.071694
0 0.447281 0.573403 0.053781 0.065833
0 0.610254 0.474090 0.050336 0.051625
0 0.596523 0.529813 0.038641 0.048931
0 0.397578 0.657521 0.069687 0.137236
0 0.929129 0.608486 0.083602 0.075306
0 0.676910 0.580743 0.062211 0.066819
0 0.522504 0.693181 0.066523 0.116250
0 0.682719 0.721694 0.086203 0.128083
0 0.811191 0.676153 0.085023 0.082917
0 0.846887 0.962035 0.060133 0.072875
0 0.536090 0.437424 0.039789 0.038042
0 0.499645 0.485382 0.049070 0.042458
0 0.444066 0.465736 0.038211 0.039528
0 0.473750 0.428125 0.047922 0.046444
0 0.545770 0.585201 0.068477 0.106542
0 0.284855 0.629222 0.049648 0.078667
0 0.274820 0.585472 0.040797 0.048750
0 0.330301 0.547479 0.044258 0.059486
0 0.237906 0.521576 0.037781 0.046819
0 0.341199 0.492403 0.040148 0.052194
0 0.203059 0.477910 0.031477 0.052847
0 0.240523 0.465035 0.036469 0.043069
0 0.263254 0.449493 0.039961 0.039514
0 0.391016 0.442611 0.036219 0.039083
0 0.313859 0.418806 0.029875 0.031694
0 0.674184 0.963118 0.110836 0.072736
