0 0.565293 0.478840 0.051898 0.052153
0 0.682031 0.497563 0.052500 0.052875
0 0.800590 0.506889 0.063258 0.047667
0 0.709703 0.551840 0.060687 0.062014
0 0.821996 0.559021 0.068773 0.055764
0 0.424316 0.566549 0.052336 0.080403
0 0.301055 0.650069 0.051656 0.093056
0 0.778430 0.655236 0.084578 0.071583
0 0.372996 0.511285 0.044508 0.051903
0 0.301180 0.421590 0.026125 0.021792
0 0.283793 0.403757 0.029852 0.029181
0 0.651578 0.439521 0.123719 0.091264
0 0.571852 0.522979 0.046609 0.050708
0 0.332496 0.536979 0.043039 0.062375
0 0.361328 0.410986 0.029344 0.024083
0 0.344531 0.431111 0.027969 0.026639
0 0.387617 0.428222 0.031219 0.030639
0 0.275027 0.489451 0.039305 0.048292
0 0.320832 0.478660 0.041320 0.038014
0 0.630992 0.872972 0.126891 0.175861
0 0.468348 0.972014 0.112320 0.055972
0 0.254098 0.946757 0.102617 0.106486
0 0.506078 0.426257 0.106062 0.092486
0 0.955594 0.604542 0.060469 0.071000
0 0.258871 0.546056 0.041852 0.098833
