0 0.464996 0.453889 0.037039 0.039222
0 0.384887 0.484153 0.038445 0.043500
0 0.378551 0.512764 0.045758 0.061972
0 0.460938 0.521958 0.053656 0.069722
0 0.545492 0.582778 0.058641 0.080250
0 0.551785 0.473368 0.050180 0.053125
0 0.230078 0.471556 0.037188 0.035500
0 0.330023 0.537069 0.045891 0.067750
0 0.515652 0.432583 0.045211 0.040194
0 0.476270 0.632667 0.059898 0.081889
0 0.661703 0.471354 0.047547 0.044347
0 0.270250 0.439028 0.033359 0.032194
0 0.236375 0.442104 0.033563 0.031097
0 0.406664 0.446451 0.035016 0.029125
0 0.371461 0.440681 0.028953 0.033056
0 0.990824 0.642319 0.018023 0.057972
0 0.274480 0.462681 0.036477 0.037278
0 0.323871 0.446201 0.040430 0.049708
0 0.438078 0.582187 0.048578 0.062819
0 0.623305 0.679708 0.078016 0.101861
0 0.292566 0.503799 0.040148 0.049764
0 0.262273 0.898542 0.121719 0.191667
0 0.778332 0.642958 0.087617 0.117111
0 0.842543 0.615944 0.072773 0.069472
0 0.616543 0.497646 0.051570 0.059653
0 0.285625 0.625569 0.053938 0.103528
0 0.736105 0.518403 0.052773 0.050639
0 0.700043 0.537701 0.057023 0.058625
