0 0.631801 0.561507 0.053289 0.050625
0 0.334180 0.427986 0.028203 0.027917
0 0.663867 0.521965 0.052266 0.044931
0 0.343699 0.493660 0.039445 0.044347
0 0.567703 0.448604 0.040219 0.035958
0 0.985582 0.636264 0.028383 0.087583
0 0.433824 0.897604 0.104648 0.195625
0 0.597875 0.643715 0.070188 0.090153
0 0.561957 0.490562 0.043711 0.047069
0 0.830715 0.612056 0.071617 0.062139
0 0.340719 0.411965 0.027062 0.020347
0 0.294777 0.466313 0.039664 0.046153
0 0.252102 0.404736 0.028547 0.030833
0 0.273965 0.839493 0.085648 0.135764
0 0.507133 0.464465 0.040359 0.037986
0 0.423809 0.421687 0.037070 0.034153
0 0.382117 0.624201 0.050766 0.077236
0 0.239656 0.521167 0.040266 0.063167
0 0.307414 0.529340 0.047016 0.072653
0 0.192305 0.440215 0.021953 0.036236
0 0.189723 0.470694 0.018289 0.046111
0 0.230973 0.399194 0.014445 0.022056
0 0.188543 0.396951 0.021883 0.022542
0 0.860648 0.697778 0.107703 0.081972
0 0.859426 0.942514 0.119742 0.108250
